[cosmological_parameters]
omch2   =   0.085   0.121203   0.15
h0      =   0.6     0.67        0.8
ombh2   =   0.0219961	
n_s     =   0.96	
a_s     =   0.85 2.1 2.85
w       = -1.
wa     = 0.
;sigma_8_input =  0.8
; mnu 		= 0.06
;mnu 		= 0.0
;w           = -1.0
;omega_k 	= 0.0
;tau         = 0.066
;Helium mass fraction.  Needed for Planck
;yhe          = 0.245341


[bias_spec]
b1_bin1 = 0. 1.412 4
b2_bin1 = -3. 0.695 8
g2_bin1 = -0.156
g21_bin1 = 0.323
c0_bin1 = 30.948
c2_bin1 = 46.233
c4_bin1 = 10.057
cnlo_bin1 = 0.
NP0_bin1 = 1.056
NP20_bin1 = 0.
NP22_bin1 = 0.

b1_bin2 = 0. 1.769 4
b2_bin2 = -3. 0.870 8
g2_bin2 = -0.299
g21_bin2 = 0.621
c0_bin2 = 37.116
c2_bin2 = 53.071
c4_bin2 = 10.385
cnlo_bin2 = 0.
NP0_bin2 = 1.152
NP20_bin2 = 0.
NP22_bin2 = 0.

b1_bin3 = 0. 2.039 4
b2_bin3 = -3. 1.162 8
g2_bin3 = -0.400
g21_bin3 = 0.827
c0_bin3 = 36.738
c2_bin3 = 48.626
c4_bin3 = 8.643
cnlo_bin3 = 0.
NP0_bin3 = 1.144
NP20_bin3 = 0.
NP22_bin3 = 0.

b1_bin4 = 0. 2.496 4
b2_bin4 = -3. 2.010 8
g2_bin4 = -0.555
g21_bin4 = -0.555
c0_bin4 = 53.627
c2_bin4 = 60.962
c4_bin4 = 8.711
cnlo_bin4 = 0.
NP0_bin4 = 1.309
NP20_bin4 = 0.
NP22_bin4 = 0.

;b1 = 1.412, 1.769, 2.039, 2.496
;b2 = 0.695, 0.870, 1.162, 2.010
;bG2 = -0.156, -0.299, -0.400, -0.555
;bGam3 = 0.323, 0.621, 0.827, 1.137
;c0 = 30.948, 37.116, 36.738, 53.627
;c2 = 46.233, 53.071, 48.626, 60.962
;c4 = 10.057, 10.385, 8.643, 8.711
;cnlo = 0.0, 0.0, 0.0, 0.0
;NP0 = 1.056, 1.152, 1.144, 1.309
;NP20 = 0.0, 0.0, 0.0, 0.0

;[bias_lens]
;b1_bin1 = 0.8   1.35   3.0
;b1_bin2 = 0.8   1.51   3.0
;
;b2_bin1 = -2.5  -0.5   2.5 
;b2_bin2 = -2.5  -0.5   2.5 


